Simulator.cs(32,27): warning CS1998: This async method lacks 'await' operators and will run synchronously. Consider using the 'await' operator to await non-blocking API calls, or 'await Task.Run(...)' to do CPU-bound work on a background thread. [c:\Tracksy\movement-simulator\movement-simulator\movement-simulator.csproj]
Simulator.cs(46,27): warning CS1998: This async method lacks 'await' operators and will run synchronously. Consider using the 'await' operator to await non-blocking API calls, or 'await Task.Run(...)' to do CPU-bound work on a background thread. [c:\Tracksy\movement-simulator\movement-simulator\movement-simulator.csproj]
47.45687, 25.82779
55.97078, 19.63899
52.1748, 21.43324
49, 19
Initialized
49.15899, 19.01457
49.46387, 19.04252
49.32944, 19.11107
49.48946, 19.12379
49.55265, 19.05189
49.74287, 19.06929
49.87262, 19.13446
50.08439, 19.15198
50.18687, 19.16046
50.43086, 19.18064
50.47194, 19.18404
50.67405, 19.20076
50.73672, 19.20595
50.78156, 19.20966
50.84166, 19.19846
51.12526, 19.22281
51.07481, 19.11526
51.21566, 19.13033
51.46072, 19.15654
51.70072, 19.18221
51.87732, 19.20111
51.98936, 19.21309
52.25561, 19.24157
52.33305, 19.16769
52.32195, 19.17756
52.40132, 19.18759
52.68662, 19.22367
52.76738, 19.23389
52.56717, 19.06338
52.66287, 19.07956
52.65224, 18.92991
52.80001, 18.96148
52.75386, 18.92818
52.94327, 18.97003
52.97185, 18.97635
53.20756, 19.02843
53.4006, 19.07108
53.25003, 19.05519
53.44254, 18.84793
53.51869, 18.87175
53.72522, 18.93637
53.57928, 18.76914
53.60903, 18.84315
53.82911, 18.91731
54.12202, 19.01601
54.35776, 18.91628
54.52943, 18.99319
54.34655, 19.13462
54.37286, 18.8723
54.45137, 18.90997
54.50557, 18.93598
54.62297, 18.99231
54.74651, 19.05158
54.88473, 19.1179
54.94913, 19.1488
55.02266, 19.18408
55.08268, 19.21288
54.91716, 18.9638
55.08506, 19.07139
55.1924, 19.14018
55.33635, 19.23243
55.47747, 19.32286
55.4377, 19.28929
55.63485, 19.17045
55.74968, 19.33062
55.80435, 19.03096
55.67962, 19.16271
55.8456, 19.19181
55.89825, 19.37991
55.97119, 19.64047
55.8546, 19.69553
55.64712, 19.79351
55.38443, 19.91756
55.1657, 20.02085
55.06105, 20.07027
54.78486, 20.19355
54.83001, 19.90857
54.79296, 19.92985
54.69677, 19.98508
54.73726, 20.06406
54.62193, 20.12568
54.45999, 20.21221
54.3392, 20.27675
54.26426, 20.3168
54.12221, 20.3927
53.87733, 20.52354
53.85608, 20.5349
53.64488, 20.64774
53.57812, 20.68342
53.50843, 20.72065
53.36549, 20.79703
53.11309, 20.93189
53.08974, 20.94437
52.87995, 21.05646
52.90427, 21.05646
52.87412, 21.07203
52.60779, 21.20959
52.38405, 21.32516
52.11272, 21.4653
51.88634, 21.56928
